194
264
508
23
298
235
527
81
362
706
747
190
40
597
254
685
442
116
282
338
361
96
603
506
628
428
587
510
473
542
279
402
32
462
130
386
667
22
33
247
36
555
595
210
12
173
342
347
440
686
556
142
222
694
382
273
557
610
580
166
376
479
567
766
161
4
387
57
581
123
239
195
648
328
383
66
124
159
483
518
759
388
586
438
720
740
248
705
24
715
741
622
707
255
654
232
571
711
152
144
736
72
82
389
42
294
710
629
760
661
364
25
522
223
420
606
365
372
447
169
216
668
58
543
407
432
624
446
461
471
755
224
630
97
511
631
136
256
421
315
484
170
485
339
426
722
302
346
43
621
348
615
103
349
448
319
632
303
435
21
390
304
633
366
220
257
134
475
459
137
634
191
699
559
486
560
290
582
687
478
544
193
602
68
16
111
117
236
529
507
110
320
702
463
179
660
579
295
38
719
60
156
371
171
545
62
548
326
756
180
245
181
464
538
83
5
738
534
162
367
343
65
182
465
572
726
196
608
26
353
452
183
275
627
614
296
321
13
373
742
284
113
665
14
158
225
73
669
352
422
751
537
692
6
487
70
626
305
500
37
591
118
466
488
645
467
54
31
231
727
649
770
278
489
129
517
226
90
240
272
512
56
748
635
549
490
754
620
513
491
492
133
636
197
408
27
106
539
561
198
664
477
531
44
184
20
263
61
454
680
618
163
208
322
670
613
289
199
400
401
453
265
724
708
409
74
690
415
45
732
671
291
703
127
107
356
493
84
46
397
233
299
286
605
108
151
501
227
217
351
482
752
55
749
418
519
592
258
34
334
681
200
140
249
105
244
259
570
494
201
214
721
468
769
368
576
733
611
443
584
398
403
250
307
550
146
75
743
114
380
684
589
573
28
135
209
9
455
637
656
164
377
287
481
308
392
404
94
457
650
695
155
228
241
436
679
424
444
638
260
739
476
67
69
212
218
532
657
588
378
85
541
651
744
202
147
456
261
300
612
301
237
639
716
762
355
750
336
148
546
696
266
396
172
221
763
11
562
327
345
502
521
700
341
1
175
547
185
280
469
416
309
316
395
640
2
141
310
157
658
17
583
323
243
563
15
153
693
86
253
262
337
238
682
99
311
528
600
100
119
329
48
165
474
439
496
93
568
714
104
704
728
765
623
41
76
246
276
112
553
186
675
677
358
449
503
757
745
312
516
647
270
594
641
122
607
39
601
283
414
109
115
381
59
267
399
379
642
288
431
497
504
19
564
3
242
297
64
672
441
160
530
717
229
540
646
192
535
460
758
450
585
565
359
313
49
154
87
458
551
673
729
417
430
509
187
357
384
211
625
131
292
293
730
526
268
655
274
213
168
552
659
281
375
498
205
698
499
330
524
577
429
324
50
434
234
767
709
139
427
470
735
593
7
63
616
344
71
188
653
29
88
354
189
269
178
77
230
385
331
360
688
369
666
370
445
689
78
451
574
174
619
731
393
643
314
697
51
102
203
569
746
644
10
410
598
723
405
406
437
35
251
536
149
520
177
204
514
505
325
590
674
8
566
53
252
411
578
768

